[0m                 [7m[38;5;239m▀[38;5;240m▀[38;5;241m▀[38;5;242m▀[0m[38;5;234;48;5;59m▛[0m[7m[38;5;247m▀[0m                 [0m
              [7m[38;5;237m▛[0m[38;5;236;48;5;242m▀[38;5;59;48;5;244m▜[38;5;242;48;5;246m▙[48;5;243m▜[38;5;240;48;5;242m▐[38;5;244;48;5;241m▔[38;5;240;48;5;238m▙[38;5;244;48;5;239m▜[38;5;242;48;5;246m▜[38;5;244;48;5;239m▔[0m[7m[38;5;242m▔[38;5;244m▀[0m             [0m
             [7m[38;5;235m▛[0m[38;5;238;48;5;242m▔[38;5;102;48;5;241m▐[38;5;244;48;5;248m▀[38;5;243;48;5;145m▀[48;5;251m▀[38;5;241;48;5;253m▀[38;5;240;48;5;188m▀[38;5;59;48;5;254m▀[38;5;239m▀[38;5;241;48;5;249m▀[38;5;243;48;5;239m▔[48;5;237m▐[38;5;102;48;5;242m▔[48;5;239m▀[0m[7m[38;5;243m▀[0m           [0m
             [38;5;239m▐[38;5;246;48;5;244m▞[38;5;247;48;5;243m▙[38;5;251m▔[38;5;244;48;5;239m▀[48;5;238m▀[38;5;239;48;5;242m▟[38;5;249;48;5;238m▔[38;5;251m▔[38;5;254;48;5;59m▔[38;5;188;48;5;248m▜[38;5;241;48;5;252m▔[38;5;240;48;5;254m▀[38;5;241;48;5;250m▜[38;5;238;48;5;239m▛[48;5;244m▙[0m[7m[38;5;241m▐[0m          [0m
             [38;5;102;48;5;237m▟[38;5;242;48;5;244m▐[38;5;240;48;5;242m▟[48;5;241m▔[38;5;239;48;5;244m▀[38;5;242;48;5;247m▀[38;5;237;48;5;244m▔[38;5;240;48;5;243m▀[48;5;239m▛[48;5;237m▙[38;5;238;48;5;239m▞[38;5;239;48;5;246m▀[38;5;244;48;5;251m▀[38;5;252;48;5;247m▟[38;5;240;48;5;252m▜[38;5;239;48;5;237m▐[38;5;238;48;5;59m▕[0m          [0m
            [38;5;59m▐[38;5;241;48;5;246m▟[38;5;102;48;5;241m▞[38;5;244;48;5;59m▟[48;5;248m▛[38;5;247;48;5;246m▞[38;5;244m▀[48;5;244m▔[38;5;102;48;5;246m▀[38;5;246;48;5;243m▙[38;5;59;48;5;244m▀[38;5;242;48;5;238m▛[38;5;239;48;5;242m▀[38;5;241;48;5;235m▙[38;5;188;48;5;239m▕[38;5;253;48;5;252m▞[38;5;251;48;5;238m▙[38;5;237;48;5;235m▀[0m          [0m
            [38;5;242m▐[38;5;244;48;5;59m▟[38;5;239;48;5;242m▐[38;5;244;48;5;246m▜[38;5;243m▀[38;5;242;48;5;239m▞[38;5;246;48;5;241m▜[38;5;244;48;5;238m▛[48;5;236m▀[38;5;102;48;5;240m▜[38;5;247;48;5;244m▀[38;5;246m▜[38;5;240;48;5;247m▜[38;5;244;48;5;239m▙[38;5;238;48;5;244m▞[38;5;254;48;5;242m▔[38;5;251;48;5;244m▟[0m[7m[38;5;242m▐[0m          [0m
            [38;5;238m▐[38;5;242;48;5;244m▕▐[38;5;244m▔[38;5;247;48;5;246m▐[38;5;241m▐[38;5;247;48;5;242m▐[38;5;243;48;5;59m▙[38;5;240;48;5;246m▀[38;5;246;48;5;102m▞[38;5;244;48;5;246m▕[38;5;239m▔[38;5;59;48;5;247m▐[38;5;246;48;5;59m▐[38;5;242;48;5;238m▙[38;5;253;48;5;243m▔[38;5;250;48;5;240m▔[0m[7m[38;5;240m▐[0m          [0m
            [38;5;102;48;5;235m▟[38;5;242;48;5;246m▜[38;5;240;48;5;235m▛[38;5;102;48;5;247m▞[38;5;247;48;5;246m▀[38;5;244;48;5;238m▙[38;5;247;48;5;244m▀[38;5;242;48;5;102m▟[38;5;246m▔[38;5;102;48;5;246m▟[48;5;244m▟[38;5;247;48;5;102m▛[38;5;241;48;5;247m▟[38;5;235;48;5;239m▙[38;5;240;48;5;244m▛[48;5;242m▐[38;5;242;48;5;102m▞[0m           [0m
           [38;5;238m▐[38;5;240;48;5;246m▕[38;5;102;48;5;247m▞[38;5;238;48;5;243m▐[38;5;102;48;5;236m▐[38;5;248;48;5;145m▀[38;5;242;48;5;247m▀[48;5;244m▀[38;5;243;48;5;246m▜[38;5;246;48;5;243m▀[38;5;102;48;5;240m▀[38;5;239;48;5;241m▞[38;5;236;48;5;243m▀[38;5;242;48;5;239m▛[38;5;238;48;5;247m▀[38;5;247;48;5;239m▐[38;5;242;48;5;254m▐[38;5;239;48;5;235m▀[0m           [0m
          [7m[38;5;237m▛[0m[38;5;243;48;5;248m▜[38;5;247;48;5;242m▀[48;5;59m▐[38;5;238;48;5;243m▐[38;5;239;48;5;234m▐[38;5;248;48;5;246m▔[38;5;102;48;5;247m▙[38;5;246m▀[48;5;242m▛[38;5;239;48;5;244m▟[38;5;244;48;5;242m▐[48;5;145m▛[38;5;242;48;5;188m▀[48;5;252m▔[38;5;254;48;5;249m▀[38;5;246;48;5;251m▔[38;5;252;48;5;102m▀[0m[7m[38;5;239m▐[0m           [0m
         [7m[38;5;243m▛[0m[38;5;244;48;5;239m▟[38;5;242;48;5;246m▀[38;5;241m▀[38;5;247;48;5;241m▛[38;5;235;48;5;59m▟[38;5;244;48;5;236m▐[38;5;248;48;5;246m▛[38;5;247;48;5;102m▙[38;5;240;48;5;244m▀[38;5;237;48;5;241m▀[38;5;235;48;5;238m▀[38;5;243;48;5;102m▀[48;5;246m▟[38;5;240;48;5;243m▀[38;5;242;48;5;240m▟[38;5;241;48;5;237m▙[38;5;238;48;5;241m▀[48;5;243m▛[0m[7m[38;5;246m▐[0m           [0m
    [7m[38;5;236m▀[38;5;238m▀[38;5;242m▀[0m[38;5;237;48;5;244m▀[38;5;247;48;5;59m▕[38;5;246;48;5;102m▐[38;5;247;48;5;242m▀[38;5;241;48;5;246m▟[38;5;240m▀[38;5;238;48;5;243m▔[38;5;239;48;5;244m▔[38;5;59m▀[38;5;244;48;5;242m▀[38;5;246;48;5;243m▀[38;5;243;48;5;244m▟[38;5;239;48;5;242m▐[38;5;247;48;5;240m▟[38;5;102;48;5;246m▐[48;5;244m▞[38;5;244m▔[38;5;243;48;5;102m▟[38;5;102;48;5;242m▟[38;5;237;48;5;244m▟[38;5;250;48;5;240m▐[0m[7m[38;5;241m▐[0m           [0m
  [38;5;59m▟[38;5;243;48;5;244m▞[38;5;246m▟[38;5;244;48;5;243m▟[38;5;59;48;5;102m▔▀[38;5;241;48;5;246m▙[38;5;242m▟[38;5;239;48;5;244m▀[38;5;246m▞[38;5;242;48;5;102m▞[38;5;246;48;5;242m▛[38;5;244m▙▞[38;5;247m▀[38;5;244;48;5;246m▛[38;5;241;48;5;102m▀[38;5;238;48;5;241m▜[38;5;247;48;5;242m▜[38;5;244;48;5;246m▐[38;5;59m▛[38;5;239;48;5;249m▀[38;5;241;48;5;252m▀[38;5;235;48;5;241m▟[48;5;237m▙[38;5;240;48;5;250m▙[0m[7m[38;5;251m▜[0m           [0m
 [38;5;239m▐[38;5;244;48;5;59m▟[48;5;246m▛[48;5;243m▔[38;5;241;48;5;244m▀[38;5;244;48;5;243m▙[48;5;242m▛[38;5;102;48;5;243m▟[38;5;242;48;5;244m▔[38;5;241;48;5;102m▀[38;5;243;48;5;247m▙[48;5;246m▟[38;5;244m▙[38;5;243m▟[48;5;247m▙[38;5;242;48;5;244m▞[38;5;59m▜[38;5;240;48;5;59m▔[38;5;242;48;5;239m▔[38;5;236;48;5;244m▙[38;5;241m▐[38;5;248;48;5;241m▜[38;5;188;48;5;250m▜[38;5;253;48;5;254m▙[38;5;251;48;5;234m▙[38;5;247;48;5;240m▐[38;5;240;48;5;254m▀[38;5;248;48;5;240m▟[0m[7m[38;5;244m▜[0m          [0m
 [38;5;59;48;5;236m▐[38;5;243;48;5;247m▛[38;5;102;48;5;244m▛[38;5;243;48;5;102m▞[38;5;244;48;5;242m▟[48;5;241m▛[48;5;236m▀[38;5;102;48;5;242m▐[38;5;244;48;5;244m▔[38;5;102;48;5;242m▜[38;5;244;48;5;243m▀[38;5;243;48;5;102m▟[38;5;242m▜[38;5;243;48;5;238m▀[38;5;59;48;5;145m▀[38;5;243;48;5;251m▀[38;5;240;48;5;250m▀[38;5;241;48;5;244m▛[38;5;238m▜[38;5;235;48;5;236m▐[38;5;244;48;5;238m▐[38;5;239;48;5;243m▜[38;5;145;48;5;239m▔[38;5;251;48;5;244m▀[48;5;241m▛[38;5;253;48;5;145m▟[38;5;102;48;5;188m▐[38;5;251;48;5;243m▐[38;5;254;48;5;145m▀[0m[7m[38;5;248m▔[38;5;250m▀[0m        [0m
 [38;5;242;48;5;238m▐[38;5;243;48;5;244m▐[38;5;244;48;5;242m▀[48;5;243m▀[38;5;243;48;5;244m▞[38;5;102;48;5;246m▐[38;5;240;48;5;244m▔[38;5;102;48;5;240m▀[38;5;243m▜[38;5;242;48;5;244m▟[38;5;241;48;5;102m▟[38;5;239;48;5;241m▜[38;5;246;48;5;237m▜[38;5;238;48;5;251m▔[38;5;246;48;5;236m▞[38;5;241;48;5;250m▞[38;5;250;48;5;241m▀[38;5;248;48;5;253m▔[38;5;249m▜[38;5;237;48;5;248m▀[38;5;236;48;5;244m▜[38;5;243;48;5;237m▜[38;5;236;48;5;241m▜[38;5;237;48;5;243m▛[38;5;252;48;5;246m▟▛[48;5;247m▕[38;5;188;48;5;251m▐[38;5;253;48;5;253m▔[38;5;188;48;5;59m▙[38;5;240;48;5;251m▀[38;5;236;48;5;252m▀[0m[7m[38;5;247m▜[0m      [0m
 [38;5;243;48;5;240m▐[38;5;244;48;5;242m▀[38;5;246;48;5;102m▞[38;5;242;48;5;244m▔[38;5;239m▀[38;5;246;48;5;240m▔[48;5;238m▀[48;5;241m▀[38;5;244;48;5;242m▜[38;5;240;48;5;248m▀[48;5;145m▀[38;5;244;48;5;239m▛[38;5;238;48;5;236m▙[38;5;236;48;5;244m▙[38;5;250;48;5;238m▜[38;5;238;48;5;252m▜[48;5;102m▞[48;5;250m▙[38;5;253;48;5;247m▜[38;5;252;48;5;244m▙[38;5;250;48;5;237m▜[38;5;238;48;5;251m▜[38;5;239;48;5;248m▛[38;5;252;48;5;244m▟[38;5;250;48;5;188m▔[38;5;248;48;5;251m▔[38;5;250;48;5;247m▛[38;5;252;48;5;246m▀[38;5;253;48;5;247m▀[38;5;251;48;5;254m▟[38;5;253m▕[38;5;254;48;5;253m▀[38;5;252;48;5;246m▙[0m[7m[38;5;244m▜[0m     [0m
 [38;5;59;48;5;237m▐[38;5;242;48;5;243m▜[38;5;241;48;5;244m▟[38;5;239;48;5;242m▟[38;5;241;48;5;237m▜[38;5;240;48;5;244m▀[38;5;238;48;5;102m▀[38;5;236m▀▙[38;5;251;48;5;236m▀[38;5;252;48;5;243m▜[38;5;188;48;5;242m▙[38;5;239;48;5;250m▜[38;5;237;48;5;237m▔[38;5;236;48;5;236m▔[38;5;238;48;5;251m▙[38;5;249;48;5;238m▙[38;5;239;48;5;242m▐[38;5;237;48;5;244m▙[38;5;253;48;5;242m▜[38;5;239;48;5;253m▜[38;5;249;48;5;238m▔[38;5;239;48;5;235m▔[38;5;236;48;5;238m▛[38;5;235;48;5;240m▀[48;5;241m▀[38;5;234;48;5;238m▀[48;5;244m▀[38;5;238;48;5;249m▀[38;5;240;48;5;251m▀[48;5;252m▀[38;5;252;48;5;102m▟[38;5;254;48;5;253m▜[0m[38;5;252m▙[0m     [0m
 [38;5;240m▐[38;5;59;48;5;242m▟[38;5;239;48;5;247m▛[38;5;240;48;5;248m▔[38;5;252;48;5;145m▀[48;5;249m▛[48;5;251m▔[38;5;188;48;5;244m▀[38;5;250m▜[38;5;238;48;5;253m▀[38;5;234;48;5;244m▀[38;5;250;48;5;237m▔[38;5;253;48;5;240m▀[38;5;188;48;5;247m▙[38;5;237;48;5;250m▀[38;5;235;48;5;240m▜[48;5;241m▙[38;5;145;48;5;236m▜[38;5;240;48;5;252m▜[38;5;238;48;5;243m▙[38;5;252m▜[38;5;239;48;5;145m▜[48;5;243m▞[38;5;236;48;5;240m▙[38;5;102m▜[48;5;244m▞[38;5;242m▀[38;5;243;48;5;241m▛[38;5;244;48;5;242m▀[38;5;249;48;5;102m▔[38;5;247;48;5;244m▀[38;5;249;48;5;246m▀[38;5;252;48;5;145m▜[38;5;251;48;5;253m▐[0m[7m[38;5;247m▐[0m    [0m
 [7m[38;5;236m▙[0m[38;5;240;48;5;242m▛[38;5;239;48;5;241m▙[38;5;244;48;5;59m▀[38;5;145;48;5;242m▀[38;5;247;48;5;250m▙[38;5;250;48;5;248m▀[48;5;247m▜[38;5;240;48;5;249m▔[38;5;248;48;5;59m▞[38;5;251;48;5;238m▜[38;5;244;48;5;253m▔[38;5;240;48;5;254m▀[38;5;237;48;5;248m▀[38;5;250;48;5;237m▀[38;5;188;48;5;248m▜[38;5;240;48;5;253m▀[38;5;234;48;5;102m▀[38;5;236;48;5;251m▙[38;5;145;48;5;238m▙[38;5;242;48;5;236m▞[38;5;251;48;5;237m▜[38;5;242;48;5;188m▀[38;5;244;48;5;235m▙[38;5;236;48;5;239m▙[38;5;244m▜[48;5;102m▐[38;5;241;48;5;243m▀[38;5;239;48;5;242m▀[38;5;238;48;5;240m▜[38;5;239;48;5;244m▙[38;5;102;48;5;248m▛[38;5;250;48;5;247m▐[38;5;251;48;5;145m▛[38;5;250;48;5;238m▙[0m    [0m
  [38;5;59;48;5;236m▐[38;5;243;48;5;239m▙[38;5;239;48;5;243m▀[38;5;243;48;5;240m▀[38;5;242;48;5;244m▟[38;5;240m▟[38;5;246;48;5;241m▀[38;5;249;48;5;102m▀[38;5;242;48;5;248m▟[38;5;236;48;5;241m▔[38;5;246;48;5;238m▞[38;5;252;48;5;244m▐[48;5;254m▜[38;5;246;48;5;251m▔[38;5;238;48;5;249m▀[38;5;250;48;5;236m▀[38;5;253;48;5;250m▀[38;5;240;48;5;247m▔[38;5;238;48;5;248m▀[38;5;251;48;5;238m▜[38;5;239;48;5;188m▜[38;5;249;48;5;235m▜[38;5;254;48;5;254m▔[38;5;240;48;5;252m▀[38;5;237;48;5;242m▀[38;5;246;48;5;240m▔[38;5;244;48;5;238m▀[48;5;243m▜[38;5;243;48;5;246m▀[38;5;240;48;5;102m▀[38;5;244;48;5;241m▞[38;5;249;48;5;243m▀[38;5;251;48;5;247m▀[38;5;247;48;5;251m▐[0m    [0m
